0 0
1193.369423051244 273.4801944302904
-21652.8520061446 3660
-21652.85200614452 3660
-21554.82009528899 3659.969166093333
-21456.78818443345 3659.878934145515
-21358.75627357791 3659.728992954886
-21260.72436272238 3659.51902823151
-21162.69245186684 3659.248722549202
-21064.6605410113 3658.917755299651
-20966.62863015577 3658.5258026452
-20868.59671930023 3658.072537470956
-20770.56480844469 3657.557629335907
-20672.53289758915 3656.980744422955
-20574.50098673362 3656.341545488241
-20476.46907587808 3655.639691809039
-20378.43716502254 3654.874839131063
-20280.40525416701 3654.04663961437
-20182.37334331147 3653.154741778317
-20084.34143245593 3652.198790445424
-19986.3095216004 3651.178426683937
-19888.27761074486 3650.093287749381
-19790.24569988932 3648.943007024837
-19692.21378903379 3647.727213959981
-19594.18187817825 3646.445534008848
-19496.14996732271 3645.097588566298
-19398.11805646718 3643.682994903133
-19300.08614561164 3642.201366099928
-19202.0542347561 3640.6523109792
-19104.02232390056 3639.035434036507
-19005.99041304503 3637.350335369811
-18907.95850218949 3635.596610607242
-18809.92659133396 3633.773850833597
-18711.89468047842 3631.881642514948
-18613.86276962288 3629.919567421749
-18515.83085876735 3627.887202550225
-18417.79894791181 3625.784120041908
-18319.76703705627 3623.609887101563
-18221.73512620074 3621.364065913126
-18123.7032153452 3619.046213553828
-18025.67130448966 3616.655881906333
-17927.63939363412 3614.192617568883
-17829.60748277859 3611.655961763361
-17731.57557192305 3609.045450241335
-17633.54366106751 3606.360613187788
-17535.51175021198 3603.600975122697
-17437.47983935644 3600.766054800275
-17339.4479285009 3597.855365105845
-17241.41601764537 3594.868412950261
-17143.38410678983 3591.804699161811
-17045.35219593429 3588.663718375612
-16947.32028507876 3585.444958920151
-16849.28837422322 3582.147902701308
-16751.25646336768 3578.772025083306
-16653.22455251214 3575.316794766997
-16555.19264165661 3571.78167366493
-16457.16073080107 3568.166116773448
-16359.12881994553 3564.469572041532
-16261.09690909 3560.69148023633
-16163.06499823446 3556.831274805393
-16065.03308737892 3552.888381735232
-15967.00117652339 3548.862219406493
-15868.96926566785 3544.752198445175
-15770.93735481231 3540.557721570101
-15672.90544395678 3536.278183436403
-15574.87353310124 3531.912970474939
-15476.8416222457 3527.461460727367
-15378.80971139017 3522.923023676965
-15280.77780053463 3518.297020074785
-15182.74588967909 3513.58280176132
-15084.71397882356 3508.779711483146
-14986.68206796802 3503.887082704625
-14888.65015711248 3498.904239414604
-14790.61824625694 3493.830495927447
-14692.58633540141 3488.665156678849
-14594.55442454587 3483.407516015727
-14496.52251369033 3478.056857980385
-14398.4906028348 3472.612456088325
-14300.45869197926 3467.073573099861
-14202.42678112372 3461.439460785144
-14104.39487026819 3455.709359682369
-14006.36295941265 3449.882498848805
-13908.33104855711 3443.958095604788
-13810.29913770158 3437.935355269916
-13712.26722684604 3431.813470891432
-13614.2353159905 3425.59162296447
-13516.20340513497 3419.268979143847
-13418.17149427943 3412.8446939471
-13320.13958342389 3406.317908448365
-13222.10767256836 3399.68774996286
-13124.07576171282 3392.953331721452
-13026.04385085728 3386.113752535112
-12928.01194000174 3379.16809644874
-12829.98002914621 3372.115432383894
-12731.94811829067 3364.954813770171
-12633.91620743514 3357.685278164643
-12535.8842965796 3350.305846858722
-12437.85238572406 3342.815524472341
-12339.82047486852 3335.213298534652
-12241.78856401299 3327.498139050543
-12143.75665315745 3319.668998052863
-12045.72474230191 3311.724809139187
-11947.69283144638 3303.664486992953
-11849.66092059084 3295.486926887952
-11751.6290097353 3287.19100417563
-11653.59709887977 3278.775573754414
-11555.56518802423 3270.239469520376
-11457.53327716869 3261.581503798127
-11359.50136631316 3252.800466751418
-11261.46945545762 3243.895125772226
-11163.43754460208 3234.864224847587
-11065.40563374655 3225.706483902959
-10967.37372289101 3216.420598121264
-10869.34181203547 3207.005237236201
-10771.30990117993 3197.459044798807
-10673.2779903244 3187.780637415974
-10575.24607946886 3177.968603959601
-10477.21416861332 3168.021504744723
-10379.18225775779 3157.937870675581
-10281.15034690225 3147.716202357534
-10183.11843604671 3137.354969173447
-10085.08652519118 3126.852608322693
-9987.054614335641 3116.207523820791
-9889.022703480103 3105.418085457859
-9790.990792624567 3094.482627713444
-9692.958881769029 3083.399448625842
-9594.926970913493 3072.166808613113
-9496.895060057956 3060.782929243525
-9398.86314920242 3049.24599195255
-9300.831238346882 3037.554136703548
-9202.799327491346 3025.705460588997
-9104.767416635808 3013.698016369036
-9006.735505780272 3001.529810943788
-8908.703594924735 2989.198803755613
-8810.671684069199 2976.70290511745
-8712.639773213661 2964.039974462698
-8614.607862358125 2951.207818512354
-8516.575951502587 2938.204189354165
-8418.544040647052 2925.026782428733
-8320.512129791514 2911.67323441684
-8222.480218935978 2898.141121021965
-8124.44830808044 2884.427954641421
-8026.416397224903 2870.53118191898
-7928.384486369367 2856.448181171817
-7830.35257551383 2842.17625968326
-7732.320664658293 2827.712650852708
-7634.288753802756 2813.054511193272
-7536.256842947219 2798.198917167144
-7438.224932091683 2783.142861847173
-7340.193021236146 2767.883251393242
-7242.161110380609 2752.416901330105
-7144.129199525072 2736.740532612893
-7046.097288669535 2720.850767465069
-6948.065377813999 2704.744124972157
-6850.033466958462 2688.417016413276
-6752.001556102925 2671.865740311113
-6653.969645247388 2655.086477178647
-6555.937734391851 2638.0752839395
-6457.905823536315 2620.828087996431
-6359.873912680778 2603.340680919821
-6261.842001825241 2585.60871172605
-6163.810090969704 2567.627679711544
-6065.778180114167 2549.392926806292
-5967.74626925863 2530.899629405581
-5869.714358403094 2512.142789635736
-5771.682447547557 2493.117226004079
-5673.650536692019 2473.81756337861
-5575.618625836482 2454.238222236875
-5477.586714980946 2434.373407116803
-5379.554804125409 2414.217094195024
-5281.522893269872 2393.76301790933
-5183.490982414335 2373.004656532686
-5085.459071558798 2351.935216595181
-4987.427160703262 2330.54761603768
-4889.395249847725 2308.834465966944
-4791.363338992188 2286.788050865592
-4693.331428136651 2264.400307091653
-4595.299517281114 2241.662799480868
-4497.267606425577 2218.566695840058
-4399.235695570041 2195.10273909146
-4301.203784714504 2171.261216793839
-4203.171873858967 2147.031927728166
-4105.13996300343 2122.404145189636
-4007.108052147893 2097.366576574721
-3909.076141292357 2071.907318789292
-3811.04423043682 2046.013808929673
-3713.012319581283 2019.672769600791
-3614.980408725746 1992.870148130878
-3516.948497870209 1965.591048817139
-3418.916587014673 1937.819657186461
-3320.884676159136 1909.539155073809
-3222.852765303599 1880.731625100783
-3124.820854448062 1851.377942868274
-3026.788943592525 1821.457654847678
-2928.757032736988 1790.948839548703
-2830.725121881451 1759.827949036986
-2732.693211025914 1728.069627243578
-2634.661300170378 1695.646500714227
-2536.629389314841 1662.52893643783
-2438.597478459304 1628.68476010516
-2340.565567603767 1594.078926485199
-2242.53365674823 1558.673131441464
-2144.501745892694 1522.425352262286
